3
16
[9.49920855e+02 1.05007914e+03 3.77550482e+01 0.00000000e+00
 2.95651242e+00 6.25008176e+04 3.90507715e+06 2.36542726e+01
 0.00000000e+00 0.00000000e+00 7.82727255e+01 1.51740501e+04
 2.24444528e+06 2.41150531e+01 3.08331807e+03 5.16681933e+02]
[2.75485171e+02 2.75485171e+02 1.69156075e+01 1.00000000e+00
 2.41548978e+00 4.15753030e+04 2.71681851e+06 4.91809175e+00
 1.00000000e+00 1.00000000e+00 7.02954458e+01 1.17651916e+04
 1.40590709e+06 5.40229649e+00 4.74773260e+02 4.74773254e+02]
27
[(73, 4.4), (74, 4.3), (75, 4.0), (76, 3.6), (77, 3.4000000000000004), (78, 3.3000000000000003), (79, 3.1), (80, 3.0), (81, 2.9000000000000004), (82, 2.8000000000000003), (83, 2.7), (84, 2.4000000000000004), (85, 2.2), (86, 2.1), (87, 1.9000000000000001), (88, 1.8), (89, 1.8), (90, 1.7000000000000002), (91, 1.6), (92, 1.7000000000000002), (93, 1.8), (94, 2.2), (95, 2.6), (96, 2.8000000000000003), (97, 2.7), (98, 2.7), (99, 2.7)]
14
[ 1.53280714e+02 -2.78567843e+02  4.09082735e+01  2.20835825e+01
  3.43861804e-01  4.56285760e-01  4.03960190e-01 -4.77500400e+01
  1.91469009e+02 -8.80621803e+01  9.37153389e-01  4.14585084e-01
  1.51201066e-01  1.46285879e-01]
[-2.19329976  5.69181974 -1.39640024]
