3
26
[1.04407816e+03 9.55921841e+02 3.39758843e+01 0.00000000e+00
 1.36483339e-01 8.44132792e+05 1.03634185e+04 3.06471680e+00
 0.00000000e+00 0.00000000e+00 0.00000000e+00 6.95381091e+00
 2.71898278e+06 2.61326281e+04 2.07140448e+01 2.79194160e+05
 4.02622409e+03 2.66717066e-01 2.05989704e+01 1.83871728e+06
 7.03807682e+03 2.26079276e+01 1.75503198e+05 2.13851228e+03
 2.84725305e-01 0.00000000e+00]
[2.76508799e+02 2.76508799e+02 1.26398243e+01 1.00000000e+00
 3.43301088e-01 2.69408699e+06 3.37607851e+04 7.93504082e+00
 1.00000000e+00 1.00000000e+00 1.00000000e+00 2.10090148e+00
 2.06201493e+06 2.13447376e+04 7.80173478e+00 3.98303425e+05
 5.25449020e+03 3.27406567e-01 6.08835276e+00 1.31920696e+06
 6.73703218e+03 8.23344526e+00 2.07395792e+05 2.44890439e+03
 3.30910182e-01 1.00000000e+00]
27
[(73, 0), (74, 0), (75, 0), (76, 0), (77, 0), (78, 3.1), (79, 3.0), (80, 2.9000000000000004), (81, 2.8000000000000003), (82, 2.7), (83, 2.6), (84, 2.4000000000000004), (85, 2.3000000000000003), (86, 2.1), (87, 2.0), (88, 1.9000000000000001), (89, 1.8), (90, 1.7000000000000002), (91, 1.6), (92, 1.6), (93, 1.6), (94, 1.7000000000000002), (95, 2.2), (96, 2.9000000000000004), (97, 2.7), (98, 2.6), (99, 2.6)]
14
[9.79512674e+01 3.09952617e+00 4.31124535e+01 7.71739937e-02
 3.62629195e-01 7.09810470e-01 9.80268160e-02 1.82587061e+01
 4.03366280e+00 4.19864982e-01 8.20874139e-01 7.23380128e-01
 1.74794166e-01 4.09246034e-02]
[-1.6614427510680911 4.331828665798124 -1.6423882340363505]
