3
15
[9.71408200e+02 1.02859180e+03 4.05656749e+01 0.00000000e+00
 3.48638549e+00 6.42779165e+04 4.00862265e+06 2.35612135e+01
 0.00000000e+00 8.63815248e+01 1.45672751e+04 2.22211131e+06
 2.39989836e+01 3.11159338e+03 4.88406617e+02]
[2.78536369e+02 2.78536369e+02 1.71421461e+01 1.00000000e+00
 2.60135201e+00 4.27509833e+04 2.77234955e+06 4.97497861e+00
 1.00000000e+00 7.39249065e+01 1.12833519e+04 1.43376514e+06
 5.45253903e+00 4.70141595e+02 4.70141596e+02]
27
[(73, 0), (74, 0), (75, 0), (76, 0), (77, 0), (78, 0), (79, 0), (80, 0), (81, 0), (82, 0), (83, 2.1), (84, 2.2), (85, 2.1), (86, 2.1), (87, 2.1), (88, 2.0), (89, 2.0), (90, 1.9000000000000001), (91, 1.9000000000000001), (92, 1.9000000000000001), (93, 2.0), (94, 2.2), (95, 2.4000000000000004), (96, 2.4000000000000004), (97, 2.4000000000000004), (98, 2.4000000000000004), (99, 2.4000000000000004)]
14
[ 6.49432183e+02 -9.93782127e+02  3.56144952e+02  4.64728620e+02
  3.11543282e-01  8.21518026e-01  2.55011788e-01 -1.76041801e+03
  3.73849410e+01 -2.84802990e-02  2.34213163e-02  5.37103919e-01
  7.54970243e-01  1.62804323e-01]
[-2.31992468  6.56732412 -1.60162542]
