3
26
[1.02733048e+03 9.72669523e+02 3.40541823e+01 0.00000000e+00
 1.36057880e-01 8.38914379e+05 9.90202164e+03 3.08557872e+00
 0.00000000e+00 0.00000000e+00 0.00000000e+00 2.75532615e+01
 2.31908268e+06 1.41307912e+04 2.16743729e+01 2.38203997e+05
 3.58940841e+03 4.20203088e-01 0.00000000e+00 0.00000000e+00
 0.00000000e+00 0.00000000e+00 0.00000000e+00 0.00000000e+00
 0.00000000e+00 0.00000000e+00]
[2.78662960e+02 2.78662960e+02 1.26352910e+01 1.00000000e+00
 3.42850016e-01 2.67886914e+06 3.25472107e+04 8.01621781e+00
 1.00000000e+00 1.00000000e+00 1.00000000e+00 8.11052579e+00
 1.77869280e+06 1.06042193e+04 8.14774890e+00 3.20206613e+05
 3.76670360e+03 4.38371561e-01 1.00000000e+00 1.00000000e+00
 1.00000000e+00 1.00000000e+00 1.00000000e+00 1.00000000e+00
 1.00000000e+00 1.00000000e+00]
27
[(73, 0), (74, 0), (75, 0), (76, 0), (77, 0), (78, 3.0), (79, 3.0), (80, 3.0), (81, 2.8000000000000003), (82, 2.7), (83, 2.6), (84, 2.5), (85, 2.4000000000000004), (86, 2.3000000000000003), (87, 2.1), (88, 2.0), (89, 1.9000000000000001), (90, 1.8), (91, 1.7000000000000002), (92, 1.7000000000000002), (93, 1.8), (94, 1.9000000000000001), (95, 2.1), (96, 2.6), (97, 2.7), (98, 2.7), (99, 2.7)]
14
[ 9.56226684e+01  2.81879161e+00  2.56983721e+01 -3.38450551e+00
  8.52460447e-01  7.13710668e-01  5.59613136e-01  6.49694234e+01
  3.86447554e+00  5.68029175e-08  8.33213594e-01  7.42670549e-01
  7.99610094e-01  8.03903900e-01]
[-1.8704765720183463 4.8603140062767585 -1.7882071655228189]
