3
15
[1.45599428e+03 1.54400572e+03 4.03808695e+01 0.00000000e+00
 3.44971713e+00 1.14961463e+05 6.81801445e+06 2.32456577e+01
 0.00000000e+00 8.53623598e+01 2.97377092e+04 3.96911064e+06
 2.33534411e+01 6.78904430e+03 1.37095570e+03]
[4.17688277e+02 4.17688277e+02 1.69926398e+01 1.00000000e+00
 2.48553239e+00 8.04618383e+04 5.30217827e+06 4.84048039e+00
 1.00000000e+00 7.04765461e+01 2.15219269e+04 2.68202311e+06
 5.28085452e+00 1.17987878e+03 1.17987879e+03]
27
[(73, 0), (74, 0), (75, 0), (76, 0), (77, 0), (78, 0), (79, 0), (80, 0), (81, 0), (82, 0), (83, 2.3000000000000003), (84, 2.3000000000000003), (85, 2.1), (86, 2.1), (87, 2.0), (88, 1.9000000000000001), (89, 1.8), (90, 1.7000000000000002), (91, 1.7000000000000002), (92, 1.6), (93, 1.6), (94, 1.8), (95, 2.4000000000000004), (96, 2.4000000000000004), (97, 2.4000000000000004), (98, 2.4000000000000004), (99, 2.4000000000000004)]
14
[ 9.75783823e+01  3.01853802e+00  3.52813482e+01 -5.64274075e-01
  1.30402231e-01  7.33499083e-01  2.37156737e-01  2.11198825e+01
  5.99345266e+00  1.54735791e+00  9.38753998e-02  5.71843710e-01
  8.33463155e-01  2.81781611e-01]
[-4.63211421 12.3268737  -1.52888671]
