3
26
[1.56219114e+03 1.43780886e+03 3.37509508e+01 0.00000000e+00
 1.36320387e-01 1.50161869e+06 1.74061137e+04 3.06048349e+00
 0.00000000e+00 0.00000000e+00 0.00000000e+00 6.95161517e+00
 5.17599718e+06 4.64731647e+04 2.07473271e+01 5.29009726e+05
 7.40643265e+03 2.76036453e-01 2.05923170e+01 3.54106374e+06
 1.20357841e+04 2.28316492e+01 3.30657084e+05 3.64323051e+03
 3.07439041e-01 0.00000000e+00]
[4.15370030e+02 4.15370030e+02 1.23963382e+01 1.00000000e+00
 3.43128458e-01 4.95485178e+06 5.79088587e+04 7.91590296e+00
 1.00000000e+00 1.00000000e+00 1.00000000e+00 2.10446820e+00
 4.10776909e+06 3.42555843e+04 7.70345884e+00 7.40757278e+05
 9.34386731e+03 3.77498400e-01 6.09909808e+00 2.61337853e+06
 9.69981028e+03 8.20086764e+00 3.96205055e+05 3.82225129e+03
 3.90802856e-01 1.00000000e+00]
27
[(73, 0), (74, 0), (75, 0), (76, 0), (77, 0), (78, 3.4000000000000004), (79, 3.2), (80, 3.1), (81, 3.0), (82, 2.9000000000000004), (83, 2.8000000000000003), (84, 2.7), (85, 2.5), (86, 2.4000000000000004), (87, 2.2), (88, 2.1), (89, 2.0), (90, 1.9000000000000001), (91, 1.8), (92, 1.8), (93, 1.7000000000000002), (94, 1.8), (95, 1.9000000000000001), (96, 2.9000000000000004), (97, 2.9000000000000004), (98, 2.8000000000000003), (99, 2.8000000000000003)]
14
[ 9.56472197e+01  1.79697611e+00  2.73870162e+01 -8.55169504e+00
  5.26983629e-01  5.52907568e-01  2.82796799e-01  2.62020124e+01
  4.89170774e+00 -8.44313568e-01  3.09459458e-01  2.74380578e-02
  8.15680440e-01  4.67408321e-01]
[-2.6816116540127917 7.202484180045674 -1.7813766516423875]
