3
16
[1.42606355e+03 1.57393645e+03 3.77986724e+01 0.00000000e+00
 2.95618953e+00 1.10213122e+05 6.52503282e+06 2.33567960e+01
 0.00000000e+00 0.00000000e+00 7.82789016e+01 3.10933251e+04
 3.95886460e+06 2.34076271e+01 6.65913406e+03 1.50086594e+03]
[4.13440928e+02 4.13440928e+02 1.69009771e+01 1.00000000e+00
 2.40596435e+00 7.75445138e+04 5.22287670e+06 4.76432504e+00
 1.00000000e+00 1.00000000e+00 7.00734769e+01 2.20572705e+04
 2.60297246e+06 5.21272308e+00 1.22916187e+03 1.22916187e+03]
27
[(73, 0), (74, 0), (75, 0), (76, 0), (77, 0), (78, 3.2), (79, 2.8000000000000003), (80, 2.9000000000000004), (81, 2.8000000000000003), (82, 2.6), (83, 2.6), (84, 2.4000000000000004), (85, 2.2), (86, 2.0), (87, 1.9000000000000001), (88, 1.8), (89, 1.7000000000000002), (90, 1.6), (91, 1.5), (92, 1.5), (93, 1.5), (94, 1.6), (95, 2.0), (96, 2.5), (97, 2.6), (98, 2.6), (99, 2.6)]
14
[100.44694069 -14.69242437  10.60366208   1.52337305   0.12136489
   0.63257231   0.53490624  19.52565178   3.43485272   0.37484911
   0.23784851   0.92841648   0.49810255   0.33191562]
[-4.30713395 10.77375249 -1.33960092]
