3
26
[1.56286652e+03 1.43713348e+03 3.39953928e+01 0.00000000e+00
 1.35946892e-01 1.50699653e+06 1.66440509e+04 3.10331704e+00
 0.00000000e+00 0.00000000e+00 0.00000000e+00 2.75383881e+01
 4.43652388e+06 2.35433169e+04 2.21315068e+01 4.59145466e+05
 6.27253754e+03 4.51256519e-01 0.00000000e+00 0.00000000e+00
 0.00000000e+00 0.00000000e+00 0.00000000e+00 0.00000000e+00
 0.00000000e+00 0.00000000e+00]
[4.15268348e+02 4.15268348e+02 1.24231425e+01 1.00000000e+00
 3.42732161e-01 5.01351239e+06 5.58993384e+04 8.04811126e+00
 1.00000000e+00 1.00000000e+00 1.00000000e+00 8.13461923e+00
 3.42948024e+06 1.47235108e+04 8.08018125e+00 6.14326920e+05
 6.07110348e+03 5.08856158e-01 1.00000000e+00 1.00000000e+00
 1.00000000e+00 1.00000000e+00 1.00000000e+00 1.00000000e+00
 1.00000000e+00 1.00000000e+00]
27
[(73, 0), (74, 0), (75, 0), (76, 0), (77, 0), (78, 3.3000000000000003), (79, 3.3000000000000003), (80, 3.2), (81, 3.1), (82, 3.0), (83, 2.9000000000000004), (84, 2.8000000000000003), (85, 2.6), (86, 2.5), (87, 2.4000000000000004), (88, 2.2), (89, 2.0), (90, 2.0), (91, 1.9000000000000001), (92, 1.8), (93, 1.8), (94, 1.9000000000000001), (95, 2.3000000000000003), (96, 3.0), (97, 2.9000000000000004), (98, 2.9000000000000004), (99, 2.9000000000000004)]
14
[ 2.02549309e+02 -1.18344196e+02  6.31465467e+00 -3.39463131e+01
  5.96628509e-01  6.27887685e-01  3.36604662e-01 -2.43725373e+00
  7.93271573e+02 -1.06907548e+02  4.86264789e-01  8.03922796e-01
  9.64648900e-01  6.74532684e-02]
[-2.9341485850189484 7.9089487274519 -2.017720055235708]
