3
26
[1.56536604e+03 1.43463396e+03 3.36757908e+01 0.00000000e+00
 1.35562574e-01 1.07755827e+06 1.97847086e+04 3.02929569e+00
 0.00000000e+00 0.00000000e+00 0.00000000e+00 7.74671309e+00
 4.73070306e+06 5.58464241e+04 2.09979618e+01 3.99580514e+05
 9.79762915e+03 2.84720146e-01 1.98007266e+01 3.76892381e+06
 1.77735493e+04 2.29206016e+01 2.65978236e+05 5.48263018e+03
 3.73593971e-01 0.00000000e+00]
[4.14882249e+02 4.14882249e+02 1.28859033e+01 1.00000000e+00
 3.42323477e-01 3.63204238e+06 6.50340324e+04 7.88851911e+00
 1.00000000e+00 1.00000000e+00 1.00000000e+00 3.65457336e+00
 3.71286017e+06 4.59338087e+04 7.97868435e+00 5.67230460e+05
 1.21636846e+04 3.28219271e-01 6.50079538e+00 2.84125997e+06
 1.52721106e+04 8.46887601e+00 3.55012069e+05 6.06666282e+03
 4.11504208e-01 1.00000000e+00]
27
[(73, 0), (74, 0), (75, 0), (76, 0), (77, 0), (78, 3.2), (79, 3.0), (80, 3.0), (81, 2.9000000000000004), (82, 2.8000000000000003), (83, 2.7), (84, 2.6), (85, 2.4000000000000004), (86, 2.3000000000000003), (87, 2.2), (88, 2.1), (89, 2.0), (90, 1.9000000000000001), (91, 1.8), (92, 1.7000000000000002), (93, 1.7000000000000002), (94, 1.9000000000000001), (95, 2.3000000000000003), (96, 2.8000000000000003), (97, 2.8000000000000003), (98, 2.8000000000000003), (99, 2.7)]
14
[ 9.99131375e+01 -2.49675391e+01  2.54455286e+01  2.38960678e+00
  9.16895768e-01  1.28006250e-01  9.39169040e-01  1.90974756e+01
  3.25861809e+00 -2.91305894e-01  6.26585035e-02  9.55401774e-02
  1.27137994e-01  6.00323883e-01]
[-3.553910008003421 9.426073959337657 -1.2387870272842332]
